[gd_scene load_steps=15 format=3 uid="uid://bgdry3b62pjb5"]

[ext_resource type="PackedScene" uid="uid://b0q0bnia378s4" path="res://Scenes/Player.tscn" id="1_3mk2u"]

[sub_resource type="BoxMesh" id="BoxMesh_wql6y"]
size = Vector3(30, 1, 20)

[sub_resource type="StandardMaterial3D" id="StandardMaterial3D_dn51t"]
albedo_color = Color(0, 0.501961, 0, 1)

[sub_resource type="BoxShape3D" id="BoxShape3D_cf34u"]
size = Vector3(30, 1, 20)

[sub_resource type="CylinderMesh" id="CylinderMesh_bl2hn"]
top_radius = 0.4
height = 5.0

[sub_resource type="StandardMaterial3D" id="StandardMaterial3D_6wca7"]
albedo_color = Color(0.360784, 0.25098, 0.2, 1)

[sub_resource type="CylinderShape3D" id="CylinderShape3D_ionq6"]
height = 5.0
radius = 0.4

[sub_resource type="SphereMesh" id="SphereMesh_xrfka"]
radius = 2.0
height = 4.0
radial_segments = 16

[sub_resource type="StandardMaterial3D" id="StandardMaterial3D_5bfql"]
albedo_color = Color(0, 1, 0, 1)

[sub_resource type="BoxMesh" id="BoxMesh_n83j1"]
size = Vector3(2, 1.5, 5)

[sub_resource type="StandardMaterial3D" id="StandardMaterial3D_ht6gw"]
albedo_color = Color(0, 1, 1, 1)

[sub_resource type="StandardMaterial3D" id="StandardMaterial3D_sa01j"]
albedo_color = Color(0.00392157, 1, 1, 1)

[sub_resource type="StandardMaterial3D" id="StandardMaterial3D_20kha"]
albedo_color = Color(0, 1, 1, 1)

[sub_resource type="StandardMaterial3D" id="StandardMaterial3D_rwwg7"]
albedo_color = Color(0, 1, 1, 1)

[node name="Node3D" type="Node3D"]
metadata/_edit_lock_ = true

[node name="Ground" type="StaticBody3D" parent="."]
metadata/_edit_lock_ = true

[node name="MeshInstance3D" type="MeshInstance3D" parent="Ground"]
transform = Transform3D(1, 0, 0, 0, 0.999977, 0.00677183, 0, -0.00677183, 0.999977, 0.11158, 0.0194454, -0.073061)
mesh = SubResource("BoxMesh_wql6y")
surface_material_override/0 = SubResource("StandardMaterial3D_dn51t")

[node name="CollisionShape3D" type="CollisionShape3D" parent="Ground"]
shape = SubResource("BoxShape3D_cf34u")

[node name="Tree" type="Node3D" parent="."]
transform = Transform3D(1, 0, 0, 0, 1, 0, 0, 0, 1, 0, 2.84073, 0)

[node name="Trunk" type="StaticBody3D" parent="Tree"]
metadata/_edit_lock_ = true

[node name="MeshInstance3D" type="MeshInstance3D" parent="Tree/Trunk"]
mesh = SubResource("CylinderMesh_bl2hn")
surface_material_override/0 = SubResource("StandardMaterial3D_6wca7")

[node name="CollisionShape3D" type="CollisionShape3D" parent="Tree/Trunk"]
transform = Transform3D(1, -0.000314159, 0, 0.000314159, 1, 0, 0, 0, 1, 0, 0, 0)
shape = SubResource("CylinderShape3D_ionq6")

[node name="MeshInstance3D" type="MeshInstance3D" parent="Tree"]
transform = Transform3D(1, 0, 0, 0, 1, 0, 0, 0, 1, 0.117315, 4.07889, 0)
mesh = SubResource("SphereMesh_xrfka")
skeleton = NodePath("")
surface_material_override/0 = SubResource("StandardMaterial3D_5bfql")
metadata/_edit_lock_ = true

[node name="rock" type="Node3D" parent="."]
transform = Transform3D(1, 0, 0, 0, 1, 0, 0, 0, 1, 7.00716, 3.17295, 2.52043)

[node name="StaticBody3D" type="StaticBody3D" parent="rock"]

[node name="MeshInstance3D" type="MeshInstance3D" parent="rock/StaticBody3D"]
transform = Transform3D(-0.0765624, 0, -0.997065, 0, 1, 0, 0.997065, 0, -0.0765624, -2.77879, -1.86534, 2.11418)
mesh = SubResource("BoxMesh_n83j1")
surface_material_override/0 = SubResource("StandardMaterial3D_ht6gw")

[node name="MeshInstance3D" type="MeshInstance3D" parent="rock/StaticBody3D/MeshInstance3D"]
transform = Transform3D(-0.999075, 0.0394637, 0.0173568, 0.0427727, 0.856931, 0.513667, 0.00539754, 0.513932, -0.85782, 0.0166426, -1.11852, 4.1951)
mesh = SubResource("BoxMesh_n83j1")
surface_material_override/0 = SubResource("StandardMaterial3D_sa01j")

[node name="MeshInstance3D" type="MeshInstance3D" parent="rock/StaticBody3D/MeshInstance3D/MeshInstance3D"]
transform = Transform3D(-0.996846, 0.0664765, 0.0434702, 0.0726199, 0.5411, 0.837824, 0.0321735, 0.838336, -0.544217, -0.0884914, -4.34706, 7.43393)
mesh = SubResource("BoxMesh_n83j1")
surface_material_override/0 = SubResource("StandardMaterial3D_20kha")

[node name="MeshInstance3D" type="MeshInstance3D" parent="rock/StaticBody3D/MeshInstance3D/MeshInstance3D/MeshInstance3D"]
transform = Transform3D(-0.0396297, -0.480846, 0.875916, 0.479958, 0.759701, 0.438761, -0.876402, 0.43779, 0.200678, -2.81289, -2.01342, 3.85609)
mesh = SubResource("BoxMesh_n83j1")
surface_material_override/0 = SubResource("StandardMaterial3D_rwwg7")

[node name="Player" parent="." instance=ExtResource("1_3mk2u")]
transform = Transform3D(1, 0, 0, 0, 1, 0, 0, 0, 1, 3.76773, 1.55194, -3.56429)
